N1<-c(10,20,30,40)
str1<-c("water","lemon","juice","milk")
Rlnum<-c(23.4,44.5,5.67,7.89,)
list1<-list(N1,str1,Rlnum)
list1


